freqEdges
(3, 8, 23)
(1, 3, 44)
(3, 20, 81)
(3, 30, 13)
(3, 15, 84)
(3, 14, 58)
(3, 28, 17)
(1, 8, 49)
(8, 20, 71)
(8, 28, 63)
(1, 20, 16)
(1, 28, 44)
(20, 28, 34)
(14, 30, 98)
(14, 15, 1)
end freq edges
Frequent edges 15
timestamp 2020-06-03 15:40:41.254446
begin frequent trees
timestamp frequent trees 2020-06-03 15:40:41.254446
afterFrequentTRee size S:  9
timestamp 2020-06-03 15:40:41.283428
begin frequent trees
timestamp frequent trees 2020-06-03 15:40:41.283428
afterFrequentTRee size S:  7
timestamp 2020-06-03 15:40:41.304396
begin frequent trees
timestamp frequent trees 2020-06-03 15:40:41.304396
afterFrequentTRee size S:  5
timestamp 2020-06-03 15:40:41.323385
begin frequent trees
timestamp frequent trees 2020-06-03 15:40:41.323385
afterFrequentTRee size S:  4
timestamp 2020-06-03 15:40:41.339376
begin frequent trees
timestamp frequent trees 2020-06-03 15:40:41.339376
afterFrequentTRee size S:  3
timestamp 2020-06-03 15:40:41.357367
begin frequent trees
timestamp frequent trees 2020-06-03 15:40:41.357367
afterFrequentTRee size S:  2
timestamp 2020-06-03 15:40:41.369359
begin frequent trees
timestamp frequent trees 2020-06-03 15:40:41.369359
afterFrequentTRee size S:  0
timestamp 2020-06-03 15:40:41.372357
ok expansion [[ 3 23 44 81 13 84 58 17]
 [23  8  0  0  0  0  0  0]
 [44  0  1  0  0  0  0  0]
 [81  0  0 20  0  0  0  0]
 [13  0  0  0 30  0  0  0]
 [84  0  0  0  0 15  0  0]
 [58  0  0  0  0  0 14  0]
 [17  0  0  0  0  0  0 28]]
associate edges [(1, 2, 49), (1, 3, 71), (1, 7, 63), (2, 3, 16), (2, 7, 44), (3, 7, 34), (4, 6, 98), (5, 6, 1)]
expansion X {}
begin frequent trees
timestamp frequent trees 2020-06-03 15:40:41.378353
afterFrequentTRee size S:  0
timestamp 2020-06-03 15:40:41.380352
ok expansion [[ 3 23 44 81 13 84 58  0]
 [23  8  0  0  0  0  0 63]
 [44  0  1  0  0  0  0  0]
 [81  0  0 20  0  0  0  0]
 [13  0  0  0 30  0  0  0]
 [84  0  0  0  0 15  0  0]
 [58  0  0  0  0  0 14  0]
 [ 0 63  0  0  0  0  0 28]]
associate edges [(0, 7, 17), (1, 2, 49), (1, 3, 71), (2, 3, 16), (2, 7, 44), (3, 7, 34), (4, 6, 98), (5, 6, 1)]
expansion X {}
ok expansion [[ 3 23 44 81 13 84 58]
 [23  8  0  0  0  0  0]
 [44  0  1  0  0  0  0]
 [81  0  0 20  0  0  0]
 [13  0  0  0 30  0  0]
 [84  0  0  0  0 15  0]
 [58  0  0  0  0  0 14]]
associate edges [(1, 2, 49), (1, 3, 71), (2, 3, 16), (4, 6, 98), (5, 6, 1)]
expansion X {}
begin frequent trees
timestamp frequent trees 2020-06-03 15:40:41.393346
afterFrequentTRee size S:  0
timestamp 2020-06-03 15:40:41.404342
ok expansion [[ 3 23 44 81 13 84 17]
 [23  8  0  0  0  0  0]
 [44  0  1  0  0  0  0]
 [81  0  0 20  0  0  0]
 [13  0  0  0 30  0  0]
 [84  0  0  0  0 15  0]
 [17  0  0  0  0  0 28]]
associate edges [(1, 2, 49), (1, 3, 71), (1, 6, 63), (2, 3, 16), (2, 6, 44), (3, 6, 34)]
eliminated []
space graphs {'[[ 3 23 44 81 13 84 17]\n [23  8  0  0  0  0  0]\n [44  0  1  0  0  0  0]\n [81  0  0 20  0  0  0]\n [13  0  0  0 30  0  0]\n [84  0  0  0  0 15  0]\n [17  0  0  0  0  0 28]]': {0: [array([[ 0, 23, 44, 81, 13, 84, 17],
       [23,  1,  0,  0,  0,  0,  0],
       [44,  0,  2,  0,  0,  0,  0],
       [81,  0,  0,  3,  0,  0,  0],
       [13,  0,  0,  0,  4,  0,  0],
       [84,  0,  0,  0,  0,  5,  0],
       [17,  0,  0,  0,  0,  0,  7]], dtype=int64)], 1: [array([[ 0, 23, 44, 81, 13, 84, 17],
       [23,  1,  0,  0,  0,  0,  0],
       [44,  0,  2,  0,  0,  0,  0],
       [81,  0,  0,  3,  0,  0,  0],
       [13,  0,  0,  0,  4,  0,  0],
       [84,  0,  0,  0,  0,  5,  0],
       [17,  0,  0,  0,  0,  0,  7]], dtype=int64)], 2: [array([[ 6, 23, 44, 81, 13, 84, 17],
       [23,  7,  0,  0,  0,  0,  0],
       [44,  0,  8,  0,  0,  0,  0],
       [81,  0,  0,  9,  0,  0,  0],
       [13,  0,  0,  0, 10,  0,  0],
       [84,  0,  0,  0,  0, 11,  0],
       [17,  0,  0,  0,  0,  0, 13]], dtype=int64)], 3: [array([[ 0, 23, 44, 81, 13, 84, 17],
       [23,  1,  0,  0,  0,  0,  0],
       [44,  0,  2,  0,  0,  0,  0],
       [81,  0,  0,  3,  0,  0,  0],
       [13,  0,  0,  0,  4,  0,  0],
       [84,  0,  0,  0,  0,  5,  0],
       [17,  0,  0,  0,  0,  0,  7]], dtype=int64)], 4: [array([[ 0, 23, 44, 81, 13, 84, 17],
       [23,  1,  0,  0,  0,  0,  0],
       [44,  0,  2,  0,  0,  0,  0],
       [81,  0,  0,  3,  0,  0,  0],
       [13,  0,  0,  0,  4,  0,  0],
       [84,  0,  0,  0,  0,  5,  0],
       [17,  0,  0,  0,  0,  0,  7]], dtype=int64)], 5: [array([[ 0, 23, 44, 81, 13, 84, 17],
       [23,  1,  0,  0,  0,  0,  0],
       [44,  0,  2,  0,  0,  0,  0],
       [81,  0,  0,  3,  0,  0,  0],
       [13,  0,  0,  0,  4,  0,  0],
       [84,  0,  0,  0,  0,  5,  0],
       [17,  0,  0,  0,  0,  0,  7]], dtype=int64)], 6: [array([[12, 23, 44, 81, 13, 84, 17],
       [23, 13,  0,  0,  0,  0,  0],
       [44,  0, 14,  0,  0,  0,  0],
       [81,  0,  0, 15,  0,  0,  0],
       [13,  0,  0,  0, 16,  0,  0],
       [84,  0,  0,  0,  0, 17,  0],
       [17,  0,  0,  0,  0,  0, 19]], dtype=int64)], 7: [array([[ 0, 23, 44, 81, 13, 84, 17],
       [23,  1,  0,  0,  0,  0,  0],
       [44,  0,  2,  0,  0,  0,  0],
       [81,  0,  0,  3,  0,  0,  0],
       [13,  0,  0,  0,  4,  0,  0],
       [84,  0,  0,  0,  0,  5,  0],
       [17,  0,  0,  0,  0,  0,  7]], dtype=int64)], 8: [array([[ 0, 23, 44, 81, 13, 84, 17],
       [23,  1,  0,  0,  0,  0,  0],
       [44,  0,  2,  0,  0,  0,  0],
       [81,  0,  0,  3,  0,  0,  0],
       [13,  0,  0,  0,  4,  0,  0],
       [84,  0,  0,  0,  0,  5,  0],
       [17,  0,  0,  0,  0,  0,  7]], dtype=int64)], 9: [array([[ 1, 23, 44, 81, 13, 84, 17],
       [23,  2,  0,  0,  0,  0,  0],
       [44,  0,  3,  0,  0,  0,  0],
       [81,  0,  0,  4,  0,  0,  0],
       [13,  0,  0,  0,  5,  0,  0],
       [84,  0,  0,  0,  0,  6,  0],
       [17,  0,  0,  0,  0,  0,  8]], dtype=int64)], 10: [array([[ 1, 23, 44, 81, 13, 84, 17],
       [23,  2,  0,  0,  0,  0,  0],
       [44,  0,  3,  0,  0,  0,  0],
       [81,  0,  0,  4,  0,  0,  0],
       [13,  0,  0,  0,  5,  0,  0],
       [84,  0,  0,  0,  0,  6,  0],
       [17,  0,  0,  0,  0,  0,  8]], dtype=int64)]}, '[[ 3 23 44 81 13 84 17]\n [23  8 49 71  0  0 63]\n [44 49  1 16  0  0 44]\n [81 71 16 20  0  0 34]\n [13  0  0  0 30  0  0]\n [84  0  0  0  0 15  0]\n [17 63 44 34  0  0 28]]': {0: [array([[ 0, 23, 44, 81, 13, 84, 17],
       [23,  1, 49, 71,  0,  0, 63],
       [44, 49,  2, 16,  0,  0, 44],
       [81, 71, 16,  3,  0,  0, 34],
       [13,  0,  0,  0,  4,  0,  0],
       [84,  0,  0,  0,  0,  5,  0],
       [17, 63, 44, 34,  0,  0,  7]], dtype=int64)], 1: [array([[ 0, 23, 44, 81, 13, 84, 17],
       [23,  1, 49, 71,  0,  0, 63],
       [44, 49,  2, 16,  0,  0, 44],
       [81, 71, 16,  3,  0,  0, 34],
       [13,  0,  0,  0,  4,  0,  0],
       [84,  0,  0,  0,  0,  5,  0],
       [17, 63, 44, 34,  0,  0,  7]], dtype=int64)], 2: [array([[ 6, 23, 44, 81, 13, 84, 17],
       [23,  7, 49, 71,  0,  0, 63],
       [44, 49,  8, 16,  0,  0, 44],
       [81, 71, 16,  9,  0,  0, 34],
       [13,  0,  0,  0, 10,  0,  0],
       [84,  0,  0,  0,  0, 11,  0],
       [17, 63, 44, 34,  0,  0, 13]], dtype=int64)], 3: [array([[ 0, 23, 44, 81, 13, 84, 17],
       [23,  1, 49, 71,  0,  0, 63],
       [44, 49,  2, 16,  0,  0, 44],
       [81, 71, 16,  3,  0,  0, 34],
       [13,  0,  0,  0,  4,  0,  0],
       [84,  0,  0,  0,  0,  5,  0],
       [17, 63, 44, 34,  0,  0,  7]], dtype=int64)], 4: [array([[ 0, 23, 44, 81, 13, 84, 17],
       [23,  1, 49, 71,  0,  0, 63],
       [44, 49,  2, 16,  0,  0, 44],
       [81, 71, 16,  3,  0,  0, 34],
       [13,  0,  0,  0,  4,  0,  0],
       [84,  0,  0,  0,  0,  5,  0],
       [17, 63, 44, 34,  0,  0,  7]], dtype=int64)], 5: [array([[ 0, 23, 44, 81, 13, 84, 17],
       [23,  1, 49, 71,  0,  0, 63],
       [44, 49,  2, 16,  0,  0, 44],
       [81, 71, 16,  3,  0,  0, 34],
       [13,  0,  0,  0,  4,  0,  0],
       [84,  0,  0,  0,  0,  5,  0],
       [17, 63, 44, 34,  0,  0,  7]], dtype=int64)], 6: [array([[12, 23, 44, 81, 13, 84, 17],
       [23, 13, 49, 71,  0,  0, 63],
       [44, 49, 14, 16,  0,  0, 44],
       [81, 71, 16, 15,  0,  0, 34],
       [13,  0,  0,  0, 16,  0,  0],
       [84,  0,  0,  0,  0, 17,  0],
       [17, 63, 44, 34,  0,  0, 19]], dtype=int64)], 7: [array([[ 0, 23, 44, 81, 13, 84, 17],
       [23,  1, 49, 71,  0,  0, 63],
       [44, 49,  2, 16,  0,  0, 44],
       [81, 71, 16,  3,  0,  0, 34],
       [13,  0,  0,  0,  4,  0,  0],
       [84,  0,  0,  0,  0,  5,  0],
       [17, 63, 44, 34,  0,  0,  7]], dtype=int64)], 8: [array([[ 0, 23, 44, 81, 13, 84, 17],
       [23,  1, 49, 71,  0,  0, 63],
       [44, 49,  2, 16,  0,  0, 44],
       [81, 71, 16,  3,  0,  0, 34],
       [13,  0,  0,  0,  4,  0,  0],
       [84,  0,  0,  0,  0,  5,  0],
       [17, 63, 44, 34,  0,  0,  7]], dtype=int64)], 9: [array([[ 1, 23, 44, 81, 13, 84, 17],
       [23,  2, 49, 71,  0,  0, 63],
       [44, 49,  3, 16,  0,  0, 44],
       [81, 71, 16,  4,  0,  0, 34],
       [13,  0,  0,  0,  5,  0,  0],
       [84,  0,  0,  0,  0,  6,  0],
       [17, 63, 44, 34,  0,  0,  8]], dtype=int64)], 10: [array([[ 1, 23, 44, 81, 13, 84, 17],
       [23,  2, 49, 71,  0,  0, 63],
       [44, 49,  3, 16,  0,  0, 44],
       [81, 71, 16,  4,  0,  0, 34],
       [13,  0,  0,  0,  5,  0,  0],
       [84,  0,  0,  0,  0,  6,  0],
       [17, 63, 44, 34,  0,  0,  8]], dtype=int64)]}}
eqGraphClass {'[[ 3 23 44 81 13 84 17]\n [23  8  0  0  0  0  0]\n [44  0  1  0  0  0  0]\n [81  0  0 20  0  0  0]\n [13  0  0  0 30  0  0]\n [84  0  0  0  0 15  0]\n [17  0  0  0  0  0 28]]': {0: [array([[ 0, 23, 44, 81, 13, 84, 17],
       [23,  1,  0,  0,  0,  0,  0],
       [44,  0,  2,  0,  0,  0,  0],
       [81,  0,  0,  3,  0,  0,  0],
       [13,  0,  0,  0,  4,  0,  0],
       [84,  0,  0,  0,  0,  5,  0],
       [17,  0,  0,  0,  0,  0,  7]], dtype=int64)], 1: [array([[ 0, 23, 44, 81, 13, 84, 17],
       [23,  1,  0,  0,  0,  0,  0],
       [44,  0,  2,  0,  0,  0,  0],
       [81,  0,  0,  3,  0,  0,  0],
       [13,  0,  0,  0,  4,  0,  0],
       [84,  0,  0,  0,  0,  5,  0],
       [17,  0,  0,  0,  0,  0,  7]], dtype=int64)], 2: [array([[ 6, 23, 44, 81, 13, 84, 17],
       [23,  7,  0,  0,  0,  0,  0],
       [44,  0,  8,  0,  0,  0,  0],
       [81,  0,  0,  9,  0,  0,  0],
       [13,  0,  0,  0, 10,  0,  0],
       [84,  0,  0,  0,  0, 11,  0],
       [17,  0,  0,  0,  0,  0, 13]], dtype=int64)], 3: [array([[ 0, 23, 44, 81, 13, 84, 17],
       [23,  1,  0,  0,  0,  0,  0],
       [44,  0,  2,  0,  0,  0,  0],
       [81,  0,  0,  3,  0,  0,  0],
       [13,  0,  0,  0,  4,  0,  0],
       [84,  0,  0,  0,  0,  5,  0],
       [17,  0,  0,  0,  0,  0,  7]], dtype=int64)], 4: [array([[ 0, 23, 44, 81, 13, 84, 17],
       [23,  1,  0,  0,  0,  0,  0],
       [44,  0,  2,  0,  0,  0,  0],
       [81,  0,  0,  3,  0,  0,  0],
       [13,  0,  0,  0,  4,  0,  0],
       [84,  0,  0,  0,  0,  5,  0],
       [17,  0,  0,  0,  0,  0,  7]], dtype=int64)], 5: [array([[ 0, 23, 44, 81, 13, 84, 17],
       [23,  1,  0,  0,  0,  0,  0],
       [44,  0,  2,  0,  0,  0,  0],
       [81,  0,  0,  3,  0,  0,  0],
       [13,  0,  0,  0,  4,  0,  0],
       [84,  0,  0,  0,  0,  5,  0],
       [17,  0,  0,  0,  0,  0,  7]], dtype=int64)], 6: [array([[12, 23, 44, 81, 13, 84, 17],
       [23, 13,  0,  0,  0,  0,  0],
       [44,  0, 14,  0,  0,  0,  0],
       [81,  0,  0, 15,  0,  0,  0],
       [13,  0,  0,  0, 16,  0,  0],
       [84,  0,  0,  0,  0, 17,  0],
       [17,  0,  0,  0,  0,  0, 19]], dtype=int64)], 7: [array([[ 0, 23, 44, 81, 13, 84, 17],
       [23,  1,  0,  0,  0,  0,  0],
       [44,  0,  2,  0,  0,  0,  0],
       [81,  0,  0,  3,  0,  0,  0],
       [13,  0,  0,  0,  4,  0,  0],
       [84,  0,  0,  0,  0,  5,  0],
       [17,  0,  0,  0,  0,  0,  7]], dtype=int64)], 8: [array([[ 0, 23, 44, 81, 13, 84, 17],
       [23,  1,  0,  0,  0,  0,  0],
       [44,  0,  2,  0,  0,  0,  0],
       [81,  0,  0,  3,  0,  0,  0],
       [13,  0,  0,  0,  4,  0,  0],
       [84,  0,  0,  0,  0,  5,  0],
       [17,  0,  0,  0,  0,  0,  7]], dtype=int64)], 9: [array([[ 1, 23, 44, 81, 13, 84, 17],
       [23,  2,  0,  0,  0,  0,  0],
       [44,  0,  3,  0,  0,  0,  0],
       [81,  0,  0,  4,  0,  0,  0],
       [13,  0,  0,  0,  5,  0,  0],
       [84,  0,  0,  0,  0,  6,  0],
       [17,  0,  0,  0,  0,  0,  8]], dtype=int64)], 10: [array([[ 1, 23, 44, 81, 13, 84, 17],
       [23,  2,  0,  0,  0,  0,  0],
       [44,  0,  3,  0,  0,  0,  0],
       [81,  0,  0,  4,  0,  0,  0],
       [13,  0,  0,  0,  5,  0,  0],
       [84,  0,  0,  0,  0,  6,  0],
       [17,  0,  0,  0,  0,  0,  8]], dtype=int64)]}, '[[ 3 23 44 81 13 84 17]\n [23  8 49 71  0  0 63]\n [44 49  1 16  0  0 44]\n [81 71 16 20  0  0 34]\n [13  0  0  0 30  0  0]\n [84  0  0  0  0 15  0]\n [17 63 44 34  0  0 28]]': {0: [array([[ 0, 23, 44, 81, 13, 84, 17],
       [23,  1, 49, 71,  0,  0, 63],
       [44, 49,  2, 16,  0,  0, 44],
       [81, 71, 16,  3,  0,  0, 34],
       [13,  0,  0,  0,  4,  0,  0],
       [84,  0,  0,  0,  0,  5,  0],
       [17, 63, 44, 34,  0,  0,  7]], dtype=int64)], 1: [array([[ 0, 23, 44, 81, 13, 84, 17],
       [23,  1, 49, 71,  0,  0, 63],
       [44, 49,  2, 16,  0,  0, 44],
       [81, 71, 16,  3,  0,  0, 34],
       [13,  0,  0,  0,  4,  0,  0],
       [84,  0,  0,  0,  0,  5,  0],
       [17, 63, 44, 34,  0,  0,  7]], dtype=int64)], 2: [array([[ 6, 23, 44, 81, 13, 84, 17],
       [23,  7, 49, 71,  0,  0, 63],
       [44, 49,  8, 16,  0,  0, 44],
       [81, 71, 16,  9,  0,  0, 34],
       [13,  0,  0,  0, 10,  0,  0],
       [84,  0,  0,  0,  0, 11,  0],
       [17, 63, 44, 34,  0,  0, 13]], dtype=int64)], 3: [array([[ 0, 23, 44, 81, 13, 84, 17],
       [23,  1, 49, 71,  0,  0, 63],
       [44, 49,  2, 16,  0,  0, 44],
       [81, 71, 16,  3,  0,  0, 34],
       [13,  0,  0,  0,  4,  0,  0],
       [84,  0,  0,  0,  0,  5,  0],
       [17, 63, 44, 34,  0,  0,  7]], dtype=int64)], 4: [array([[ 0, 23, 44, 81, 13, 84, 17],
       [23,  1, 49, 71,  0,  0, 63],
       [44, 49,  2, 16,  0,  0, 44],
       [81, 71, 16,  3,  0,  0, 34],
       [13,  0,  0,  0,  4,  0,  0],
       [84,  0,  0,  0,  0,  5,  0],
       [17, 63, 44, 34,  0,  0,  7]], dtype=int64)], 5: [array([[ 0, 23, 44, 81, 13, 84, 17],
       [23,  1, 49, 71,  0,  0, 63],
       [44, 49,  2, 16,  0,  0, 44],
       [81, 71, 16,  3,  0,  0, 34],
       [13,  0,  0,  0,  4,  0,  0],
       [84,  0,  0,  0,  0,  5,  0],
       [17, 63, 44, 34,  0,  0,  7]], dtype=int64)], 6: [array([[12, 23, 44, 81, 13, 84, 17],
       [23, 13, 49, 71,  0,  0, 63],
       [44, 49, 14, 16,  0,  0, 44],
       [81, 71, 16, 15,  0,  0, 34],
       [13,  0,  0,  0, 16,  0,  0],
       [84,  0,  0,  0,  0, 17,  0],
       [17, 63, 44, 34,  0,  0, 19]], dtype=int64)], 7: [array([[ 0, 23, 44, 81, 13, 84, 17],
       [23,  1, 49, 71,  0,  0, 63],
       [44, 49,  2, 16,  0,  0, 44],
       [81, 71, 16,  3,  0,  0, 34],
       [13,  0,  0,  0,  4,  0,  0],
       [84,  0,  0,  0,  0,  5,  0],
       [17, 63, 44, 34,  0,  0,  7]], dtype=int64)], 8: [array([[ 0, 23, 44, 81, 13, 84, 17],
       [23,  1, 49, 71,  0,  0, 63],
       [44, 49,  2, 16,  0,  0, 44],
       [81, 71, 16,  3,  0,  0, 34],
       [13,  0,  0,  0,  4,  0,  0],
       [84,  0,  0,  0,  0,  5,  0],
       [17, 63, 44, 34,  0,  0,  7]], dtype=int64)], 9: [array([[ 1, 23, 44, 81, 13, 84, 17],
       [23,  2, 49, 71,  0,  0, 63],
       [44, 49,  3, 16,  0,  0, 44],
       [81, 71, 16,  4,  0,  0, 34],
       [13,  0,  0,  0,  5,  0,  0],
       [84,  0,  0,  0,  0,  6,  0],
       [17, 63, 44, 34,  0,  0,  8]], dtype=int64)], 10: [array([[ 1, 23, 44, 81, 13, 84, 17],
       [23,  2, 49, 71,  0,  0, 63],
       [44, 49,  3, 16,  0,  0, 44],
       [81, 71, 16,  4,  0,  0, 34],
       [13,  0,  0,  0,  5,  0,  0],
       [84,  0,  0,  0,  0,  6,  0],
       [17, 63, 44, 34,  0,  0,  8]], dtype=int64)]}}
expansion X {'[[ 3 23 44 81 13 84 17]\n [23  8  0  0  0  0  0]\n [44  0  1  0  0  0  0]\n [81  0  0 20  0  0  0]\n [13  0  0  0 30  0  0]\n [84  0  0  0  0 15  0]\n [17  0  0  0  0  0 28]]': {0: [array([[ 0, 23, 44, 81, 13, 84, 17],
       [23,  1,  0,  0,  0,  0,  0],
       [44,  0,  2,  0,  0,  0,  0],
       [81,  0,  0,  3,  0,  0,  0],
       [13,  0,  0,  0,  4,  0,  0],
       [84,  0,  0,  0,  0,  5,  0],
       [17,  0,  0,  0,  0,  0,  7]], dtype=int64)], 1: [array([[ 0, 23, 44, 81, 13, 84, 17],
       [23,  1,  0,  0,  0,  0,  0],
       [44,  0,  2,  0,  0,  0,  0],
       [81,  0,  0,  3,  0,  0,  0],
       [13,  0,  0,  0,  4,  0,  0],
       [84,  0,  0,  0,  0,  5,  0],
       [17,  0,  0,  0,  0,  0,  7]], dtype=int64)], 2: [array([[ 6, 23, 44, 81, 13, 84, 17],
       [23,  7,  0,  0,  0,  0,  0],
       [44,  0,  8,  0,  0,  0,  0],
       [81,  0,  0,  9,  0,  0,  0],
       [13,  0,  0,  0, 10,  0,  0],
       [84,  0,  0,  0,  0, 11,  0],
       [17,  0,  0,  0,  0,  0, 13]], dtype=int64)], 3: [array([[ 0, 23, 44, 81, 13, 84, 17],
       [23,  1,  0,  0,  0,  0,  0],
       [44,  0,  2,  0,  0,  0,  0],
       [81,  0,  0,  3,  0,  0,  0],
       [13,  0,  0,  0,  4,  0,  0],
       [84,  0,  0,  0,  0,  5,  0],
       [17,  0,  0,  0,  0,  0,  7]], dtype=int64)], 4: [array([[ 0, 23, 44, 81, 13, 84, 17],
       [23,  1,  0,  0,  0,  0,  0],
       [44,  0,  2,  0,  0,  0,  0],
       [81,  0,  0,  3,  0,  0,  0],
       [13,  0,  0,  0,  4,  0,  0],
       [84,  0,  0,  0,  0,  5,  0],
       [17,  0,  0,  0,  0,  0,  7]], dtype=int64)], 5: [array([[ 0, 23, 44, 81, 13, 84, 17],
       [23,  1,  0,  0,  0,  0,  0],
       [44,  0,  2,  0,  0,  0,  0],
       [81,  0,  0,  3,  0,  0,  0],
       [13,  0,  0,  0,  4,  0,  0],
       [84,  0,  0,  0,  0,  5,  0],
       [17,  0,  0,  0,  0,  0,  7]], dtype=int64)], 6: [array([[12, 23, 44, 81, 13, 84, 17],
       [23, 13,  0,  0,  0,  0,  0],
       [44,  0, 14,  0,  0,  0,  0],
       [81,  0,  0, 15,  0,  0,  0],
       [13,  0,  0,  0, 16,  0,  0],
       [84,  0,  0,  0,  0, 17,  0],
       [17,  0,  0,  0,  0,  0, 19]], dtype=int64)], 7: [array([[ 0, 23, 44, 81, 13, 84, 17],
       [23,  1,  0,  0,  0,  0,  0],
       [44,  0,  2,  0,  0,  0,  0],
       [81,  0,  0,  3,  0,  0,  0],
       [13,  0,  0,  0,  4,  0,  0],
       [84,  0,  0,  0,  0,  5,  0],
       [17,  0,  0,  0,  0,  0,  7]], dtype=int64)], 8: [array([[ 0, 23, 44, 81, 13, 84, 17],
       [23,  1,  0,  0,  0,  0,  0],
       [44,  0,  2,  0,  0,  0,  0],
       [81,  0,  0,  3,  0,  0,  0],
       [13,  0,  0,  0,  4,  0,  0],
       [84,  0,  0,  0,  0,  5,  0],
       [17,  0,  0,  0,  0,  0,  7]], dtype=int64)], 9: [array([[ 1, 23, 44, 81, 13, 84, 17],
       [23,  2,  0,  0,  0,  0,  0],
       [44,  0,  3,  0,  0,  0,  0],
       [81,  0,  0,  4,  0,  0,  0],
       [13,  0,  0,  0,  5,  0,  0],
       [84,  0,  0,  0,  0,  6,  0],
       [17,  0,  0,  0,  0,  0,  8]], dtype=int64)], 10: [array([[ 1, 23, 44, 81, 13, 84, 17],
       [23,  2,  0,  0,  0,  0,  0],
       [44,  0,  3,  0,  0,  0,  0],
       [81,  0,  0,  4,  0,  0,  0],
       [13,  0,  0,  0,  5,  0,  0],
       [84,  0,  0,  0,  0,  6,  0],
       [17,  0,  0,  0,  0,  0,  8]], dtype=int64)]}, '[[ 3 23 44 81 13 84 17]\n [23  8 49 71  0  0 63]\n [44 49  1 16  0  0 44]\n [81 71 16 20  0  0 34]\n [13  0  0  0 30  0  0]\n [84  0  0  0  0 15  0]\n [17 63 44 34  0  0 28]]': {0: [array([[ 0, 23, 44, 81, 13, 84, 17],
       [23,  1, 49, 71,  0,  0, 63],
       [44, 49,  2, 16,  0,  0, 44],
       [81, 71, 16,  3,  0,  0, 34],
       [13,  0,  0,  0,  4,  0,  0],
       [84,  0,  0,  0,  0,  5,  0],
       [17, 63, 44, 34,  0,  0,  7]], dtype=int64)], 1: [array([[ 0, 23, 44, 81, 13, 84, 17],
       [23,  1, 49, 71,  0,  0, 63],
       [44, 49,  2, 16,  0,  0, 44],
       [81, 71, 16,  3,  0,  0, 34],
       [13,  0,  0,  0,  4,  0,  0],
       [84,  0,  0,  0,  0,  5,  0],
       [17, 63, 44, 34,  0,  0,  7]], dtype=int64)], 2: [array([[ 6, 23, 44, 81, 13, 84, 17],
       [23,  7, 49, 71,  0,  0, 63],
       [44, 49,  8, 16,  0,  0, 44],
       [81, 71, 16,  9,  0,  0, 34],
       [13,  0,  0,  0, 10,  0,  0],
       [84,  0,  0,  0,  0, 11,  0],
       [17, 63, 44, 34,  0,  0, 13]], dtype=int64)], 3: [array([[ 0, 23, 44, 81, 13, 84, 17],
       [23,  1, 49, 71,  0,  0, 63],
       [44, 49,  2, 16,  0,  0, 44],
       [81, 71, 16,  3,  0,  0, 34],
       [13,  0,  0,  0,  4,  0,  0],
       [84,  0,  0,  0,  0,  5,  0],
       [17, 63, 44, 34,  0,  0,  7]], dtype=int64)], 4: [array([[ 0, 23, 44, 81, 13, 84, 17],
       [23,  1, 49, 71,  0,  0, 63],
       [44, 49,  2, 16,  0,  0, 44],
       [81, 71, 16,  3,  0,  0, 34],
       [13,  0,  0,  0,  4,  0,  0],
       [84,  0,  0,  0,  0,  5,  0],
       [17, 63, 44, 34,  0,  0,  7]], dtype=int64)], 5: [array([[ 0, 23, 44, 81, 13, 84, 17],
       [23,  1, 49, 71,  0,  0, 63],
       [44, 49,  2, 16,  0,  0, 44],
       [81, 71, 16,  3,  0,  0, 34],
       [13,  0,  0,  0,  4,  0,  0],
       [84,  0,  0,  0,  0,  5,  0],
       [17, 63, 44, 34,  0,  0,  7]], dtype=int64)], 6: [array([[12, 23, 44, 81, 13, 84, 17],
       [23, 13, 49, 71,  0,  0, 63],
       [44, 49, 14, 16,  0,  0, 44],
       [81, 71, 16, 15,  0,  0, 34],
       [13,  0,  0,  0, 16,  0,  0],
       [84,  0,  0,  0,  0, 17,  0],
       [17, 63, 44, 34,  0,  0, 19]], dtype=int64)], 7: [array([[ 0, 23, 44, 81, 13, 84, 17],
       [23,  1, 49, 71,  0,  0, 63],
       [44, 49,  2, 16,  0,  0, 44],
       [81, 71, 16,  3,  0,  0, 34],
       [13,  0,  0,  0,  4,  0,  0],
       [84,  0,  0,  0,  0,  5,  0],
       [17, 63, 44, 34,  0,  0,  7]], dtype=int64)], 8: [array([[ 0, 23, 44, 81, 13, 84, 17],
       [23,  1, 49, 71,  0,  0, 63],
       [44, 49,  2, 16,  0,  0, 44],
       [81, 71, 16,  3,  0,  0, 34],
       [13,  0,  0,  0,  4,  0,  0],
       [84,  0,  0,  0,  0,  5,  0],
       [17, 63, 44, 34,  0,  0,  7]], dtype=int64)], 9: [array([[ 1, 23, 44, 81, 13, 84, 17],
       [23,  2, 49, 71,  0,  0, 63],
       [44, 49,  3, 16,  0,  0, 44],
       [81, 71, 16,  4,  0,  0, 34],
       [13,  0,  0,  0,  5,  0,  0],
       [84,  0,  0,  0,  0,  6,  0],
       [17, 63, 44, 34,  0,  0,  8]], dtype=int64)], 10: [array([[ 1, 23, 44, 81, 13, 84, 17],
       [23,  2, 49, 71,  0,  0, 63],
       [44, 49,  3, 16,  0,  0, 44],
       [81, 71, 16,  4,  0,  0, 34],
       [13,  0,  0,  0,  5,  0,  0],
       [84,  0,  0,  0,  0,  6,  0],
       [17, 63, 44, 34,  0,  0,  8]], dtype=int64)]}}
begin frequent trees
timestamp frequent trees 2020-06-03 15:40:41.437320
afterFrequentTRee size S:  0
timestamp 2020-06-03 15:40:41.445315
ok expansion [[ 3 23 44 81 13 84  0]
 [23  8  0  0  0  0 63]
 [44  0  1  0  0  0  0]
 [81  0  0 20  0  0  0]
 [13  0  0  0 30  0  0]
 [84  0  0  0  0 15  0]
 [ 0 63  0  0  0  0 28]]
associate edges [(0, 6, 17), (1, 2, 49), (1, 3, 71), (2, 3, 16), (2, 6, 44), (3, 6, 34)]
expansion X {}
ok expansion [[ 3 23 44 81 13 84]
 [23  8  0  0  0  0]
 [44  0  1  0  0  0]
 [81  0  0 20  0  0]
 [13  0  0  0 30  0]
 [84  0  0  0  0 15]]
associate edges [(1, 2, 49), (1, 3, 71), (2, 3, 16)]
eliminated []
space graphs {'[[ 3 23 44 81 13 84]\n [23  8  0  0  0  0]\n [44  0  1  0  0  0]\n [81  0  0 20  0  0]\n [13  0  0  0 30  0]\n [84  0  0  0  0 15]]': {0: [array([[ 0, 23, 44, 81, 13, 84],
       [23,  1,  0,  0,  0,  0],
       [44,  0,  2,  0,  0,  0],
       [81,  0,  0,  3,  0,  0],
       [13,  0,  0,  0,  4,  0],
       [84,  0,  0,  0,  0,  5]], dtype=int64)], 1: [array([[ 0, 23, 44, 81, 13, 84],
       [23,  1,  0,  0,  0,  0],
       [44,  0,  2,  0,  0,  0],
       [81,  0,  0,  3,  0,  0],
       [13,  0,  0,  0,  4,  0],
       [84,  0,  0,  0,  0,  5]], dtype=int64)], 2: [array([[ 6, 23, 44, 81, 13, 84],
       [23,  7,  0,  0,  0,  0],
       [44,  0,  8,  0,  0,  0],
       [81,  0,  0,  9,  0,  0],
       [13,  0,  0,  0, 10,  0],
       [84,  0,  0,  0,  0, 11]], dtype=int64)], 3: [array([[ 0, 23, 44, 81, 13, 84],
       [23,  1,  0,  0,  0,  0],
       [44,  0,  2,  0,  0,  0],
       [81,  0,  0,  3,  0,  0],
       [13,  0,  0,  0,  4,  0],
       [84,  0,  0,  0,  0,  5]], dtype=int64)], 4: [array([[ 0, 23, 44, 81, 13, 84],
       [23,  1,  0,  0,  0,  0],
       [44,  0,  2,  0,  0,  0],
       [81,  0,  0,  3,  0,  0],
       [13,  0,  0,  0,  4,  0],
       [84,  0,  0,  0,  0,  5]], dtype=int64)], 5: [array([[ 0, 23, 44, 81, 13, 84],
       [23,  1,  0,  0,  0,  0],
       [44,  0,  2,  0,  0,  0],
       [81,  0,  0,  3,  0,  0],
       [13,  0,  0,  0,  4,  0],
       [84,  0,  0,  0,  0,  5]], dtype=int64)], 6: [array([[12, 23, 44, 81, 13, 84],
       [23, 13,  0,  0,  0,  0],
       [44,  0, 14,  0,  0,  0],
       [81,  0,  0, 15,  0,  0],
       [13,  0,  0,  0, 16,  0],
       [84,  0,  0,  0,  0, 17]], dtype=int64)], 7: [array([[ 0, 23, 44, 81, 13, 84],
       [23,  1,  0,  0,  0,  0],
       [44,  0,  2,  0,  0,  0],
       [81,  0,  0,  3,  0,  0],
       [13,  0,  0,  0,  4,  0],
       [84,  0,  0,  0,  0,  5]], dtype=int64)], 8: [array([[ 0, 23, 44, 81, 13, 84],
       [23,  1,  0,  0,  0,  0],
       [44,  0,  2,  0,  0,  0],
       [81,  0,  0,  3,  0,  0],
       [13,  0,  0,  0,  4,  0],
       [84,  0,  0,  0,  0,  5]], dtype=int64)], 9: [array([[ 1, 23, 44, 81, 13, 84],
       [23,  2,  0,  0,  0,  0],
       [44,  0,  3,  0,  0,  0],
       [81,  0,  0,  4,  0,  0],
       [13,  0,  0,  0,  5,  0],
       [84,  0,  0,  0,  0,  6]], dtype=int64)], 10: [array([[ 1, 23, 44, 81, 13, 84],
       [23,  2,  0,  0,  0,  0],
       [44,  0,  3,  0,  0,  0],
       [81,  0,  0,  4,  0,  0],
       [13,  0,  0,  0,  5,  0],
       [84,  0,  0,  0,  0,  6]], dtype=int64)]}, '[[ 3 23 44 81 13 84]\n [23  8 49 71  0  0]\n [44 49  1 16  0  0]\n [81 71 16 20  0  0]\n [13  0  0  0 30  0]\n [84  0  0  0  0 15]]': {0: [array([[ 0, 23, 44, 81, 13, 84],
       [23,  1, 49, 71,  0,  0],
       [44, 49,  2, 16,  0,  0],
       [81, 71, 16,  3,  0,  0],
       [13,  0,  0,  0,  4,  0],
       [84,  0,  0,  0,  0,  5]], dtype=int64)], 1: [array([[ 0, 23, 44, 81, 13, 84],
       [23,  1, 49, 71,  0,  0],
       [44, 49,  2, 16,  0,  0],
       [81, 71, 16,  3,  0,  0],
       [13,  0,  0,  0,  4,  0],
       [84,  0,  0,  0,  0,  5]], dtype=int64)], 2: [array([[ 6, 23, 44, 81, 13, 84],
       [23,  7, 49, 71,  0,  0],
       [44, 49,  8, 16,  0,  0],
       [81, 71, 16,  9,  0,  0],
       [13,  0,  0,  0, 10,  0],
       [84,  0,  0,  0,  0, 11]], dtype=int64)], 3: [array([[ 0, 23, 44, 81, 13, 84],
       [23,  1, 49, 71,  0,  0],
       [44, 49,  2, 16,  0,  0],
       [81, 71, 16,  3,  0,  0],
       [13,  0,  0,  0,  4,  0],
       [84,  0,  0,  0,  0,  5]], dtype=int64)], 4: [array([[ 0, 23, 44, 81, 13, 84],
       [23,  1, 49, 71,  0,  0],
       [44, 49,  2, 16,  0,  0],
       [81, 71, 16,  3,  0,  0],
       [13,  0,  0,  0,  4,  0],
       [84,  0,  0,  0,  0,  5]], dtype=int64)], 5: [array([[ 0, 23, 44, 81, 13, 84],
       [23,  1, 49, 71,  0,  0],
       [44, 49,  2, 16,  0,  0],
       [81, 71, 16,  3,  0,  0],
       [13,  0,  0,  0,  4,  0],
       [84,  0,  0,  0,  0,  5]], dtype=int64)], 6: [array([[12, 23, 44, 81, 13, 84],
       [23, 13, 49, 71,  0,  0],
       [44, 49, 14, 16,  0,  0],
       [81, 71, 16, 15,  0,  0],
       [13,  0,  0,  0, 16,  0],
       [84,  0,  0,  0,  0, 17]], dtype=int64)], 7: [array([[ 0, 23, 44, 81, 13, 84],
       [23,  1, 49, 71,  0,  0],
       [44, 49,  2, 16,  0,  0],
       [81, 71, 16,  3,  0,  0],
       [13,  0,  0,  0,  4,  0],
       [84,  0,  0,  0,  0,  5]], dtype=int64)], 8: [array([[ 0, 23, 44, 81, 13, 84],
       [23,  1, 49, 71,  0,  0],
       [44, 49,  2, 16,  0,  0],
       [81, 71, 16,  3,  0,  0],
       [13,  0,  0,  0,  4,  0],
       [84,  0,  0,  0,  0,  5]], dtype=int64)], 9: [array([[ 1, 23, 44, 81, 13, 84],
       [23,  2, 49, 71,  0,  0],
       [44, 49,  3, 16,  0,  0],
       [81, 71, 16,  4,  0,  0],
       [13,  0,  0,  0,  5,  0],
       [84,  0,  0,  0,  0,  6]], dtype=int64)], 10: [array([[ 1, 23, 44, 81, 13, 84],
       [23,  2, 49, 71,  0,  0],
       [44, 49,  3, 16,  0,  0],
       [81, 71, 16,  4,  0,  0],
       [13,  0,  0,  0,  5,  0],
       [84,  0,  0,  0,  0,  6]], dtype=int64)]}}
eqGraphClass {'[[ 3 23 44 81 13 84]\n [23  8  0  0  0  0]\n [44  0  1  0  0  0]\n [81  0  0 20  0  0]\n [13  0  0  0 30  0]\n [84  0  0  0  0 15]]': {0: [array([[ 0, 23, 44, 81, 13, 84],
       [23,  1,  0,  0,  0,  0],
       [44,  0,  2,  0,  0,  0],
       [81,  0,  0,  3,  0,  0],
       [13,  0,  0,  0,  4,  0],
       [84,  0,  0,  0,  0,  5]], dtype=int64)], 1: [array([[ 0, 23, 44, 81, 13, 84],
       [23,  1,  0,  0,  0,  0],
       [44,  0,  2,  0,  0,  0],
       [81,  0,  0,  3,  0,  0],
       [13,  0,  0,  0,  4,  0],
       [84,  0,  0,  0,  0,  5]], dtype=int64)], 2: [array([[ 6, 23, 44, 81, 13, 84],
       [23,  7,  0,  0,  0,  0],
       [44,  0,  8,  0,  0,  0],
       [81,  0,  0,  9,  0,  0],
       [13,  0,  0,  0, 10,  0],
       [84,  0,  0,  0,  0, 11]], dtype=int64)], 3: [array([[ 0, 23, 44, 81, 13, 84],
       [23,  1,  0,  0,  0,  0],
       [44,  0,  2,  0,  0,  0],
       [81,  0,  0,  3,  0,  0],
       [13,  0,  0,  0,  4,  0],
       [84,  0,  0,  0,  0,  5]], dtype=int64)], 4: [array([[ 0, 23, 44, 81, 13, 84],
       [23,  1,  0,  0,  0,  0],
       [44,  0,  2,  0,  0,  0],
       [81,  0,  0,  3,  0,  0],
       [13,  0,  0,  0,  4,  0],
       [84,  0,  0,  0,  0,  5]], dtype=int64)], 5: [array([[ 0, 23, 44, 81, 13, 84],
       [23,  1,  0,  0,  0,  0],
       [44,  0,  2,  0,  0,  0],
       [81,  0,  0,  3,  0,  0],
       [13,  0,  0,  0,  4,  0],
       [84,  0,  0,  0,  0,  5]], dtype=int64)], 6: [array([[12, 23, 44, 81, 13, 84],
       [23, 13,  0,  0,  0,  0],
       [44,  0, 14,  0,  0,  0],
       [81,  0,  0, 15,  0,  0],
       [13,  0,  0,  0, 16,  0],
       [84,  0,  0,  0,  0, 17]], dtype=int64)], 7: [array([[ 0, 23, 44, 81, 13, 84],
       [23,  1,  0,  0,  0,  0],
       [44,  0,  2,  0,  0,  0],
       [81,  0,  0,  3,  0,  0],
       [13,  0,  0,  0,  4,  0],
       [84,  0,  0,  0,  0,  5]], dtype=int64)], 8: [array([[ 0, 23, 44, 81, 13, 84],
       [23,  1,  0,  0,  0,  0],
       [44,  0,  2,  0,  0,  0],
       [81,  0,  0,  3,  0,  0],
       [13,  0,  0,  0,  4,  0],
       [84,  0,  0,  0,  0,  5]], dtype=int64)], 9: [array([[ 1, 23, 44, 81, 13, 84],
       [23,  2,  0,  0,  0,  0],
       [44,  0,  3,  0,  0,  0],
       [81,  0,  0,  4,  0,  0],
       [13,  0,  0,  0,  5,  0],
       [84,  0,  0,  0,  0,  6]], dtype=int64)], 10: [array([[ 1, 23, 44, 81, 13, 84],
       [23,  2,  0,  0,  0,  0],
       [44,  0,  3,  0,  0,  0],
       [81,  0,  0,  4,  0,  0],
       [13,  0,  0,  0,  5,  0],
       [84,  0,  0,  0,  0,  6]], dtype=int64)]}, '[[ 3 23 44 81 13 84]\n [23  8 49 71  0  0]\n [44 49  1 16  0  0]\n [81 71 16 20  0  0]\n [13  0  0  0 30  0]\n [84  0  0  0  0 15]]': {0: [array([[ 0, 23, 44, 81, 13, 84],
       [23,  1, 49, 71,  0,  0],
       [44, 49,  2, 16,  0,  0],
       [81, 71, 16,  3,  0,  0],
       [13,  0,  0,  0,  4,  0],
       [84,  0,  0,  0,  0,  5]], dtype=int64)], 1: [array([[ 0, 23, 44, 81, 13, 84],
       [23,  1, 49, 71,  0,  0],
       [44, 49,  2, 16,  0,  0],
       [81, 71, 16,  3,  0,  0],
       [13,  0,  0,  0,  4,  0],
       [84,  0,  0,  0,  0,  5]], dtype=int64)], 2: [array([[ 6, 23, 44, 81, 13, 84],
       [23,  7, 49, 71,  0,  0],
       [44, 49,  8, 16,  0,  0],
       [81, 71, 16,  9,  0,  0],
       [13,  0,  0,  0, 10,  0],
       [84,  0,  0,  0,  0, 11]], dtype=int64)], 3: [array([[ 0, 23, 44, 81, 13, 84],
       [23,  1, 49, 71,  0,  0],
       [44, 49,  2, 16,  0,  0],
       [81, 71, 16,  3,  0,  0],
       [13,  0,  0,  0,  4,  0],
       [84,  0,  0,  0,  0,  5]], dtype=int64)], 4: [array([[ 0, 23, 44, 81, 13, 84],
       [23,  1, 49, 71,  0,  0],
       [44, 49,  2, 16,  0,  0],
       [81, 71, 16,  3,  0,  0],
       [13,  0,  0,  0,  4,  0],
       [84,  0,  0,  0,  0,  5]], dtype=int64)], 5: [array([[ 0, 23, 44, 81, 13, 84],
       [23,  1, 49, 71,  0,  0],
       [44, 49,  2, 16,  0,  0],
       [81, 71, 16,  3,  0,  0],
       [13,  0,  0,  0,  4,  0],
       [84,  0,  0,  0,  0,  5]], dtype=int64)], 6: [array([[12, 23, 44, 81, 13, 84],
       [23, 13, 49, 71,  0,  0],
       [44, 49, 14, 16,  0,  0],
       [81, 71, 16, 15,  0,  0],
       [13,  0,  0,  0, 16,  0],
       [84,  0,  0,  0,  0, 17]], dtype=int64)], 7: [array([[ 0, 23, 44, 81, 13, 84],
       [23,  1, 49, 71,  0,  0],
       [44, 49,  2, 16,  0,  0],
       [81, 71, 16,  3,  0,  0],
       [13,  0,  0,  0,  4,  0],
       [84,  0,  0,  0,  0,  5]], dtype=int64)], 8: [array([[ 0, 23, 44, 81, 13, 84],
       [23,  1, 49, 71,  0,  0],
       [44, 49,  2, 16,  0,  0],
       [81, 71, 16,  3,  0,  0],
       [13,  0,  0,  0,  4,  0],
       [84,  0,  0,  0,  0,  5]], dtype=int64)], 9: [array([[ 1, 23, 44, 81, 13, 84],
       [23,  2, 49, 71,  0,  0],
       [44, 49,  3, 16,  0,  0],
       [81, 71, 16,  4,  0,  0],
       [13,  0,  0,  0,  5,  0],
       [84,  0,  0,  0,  0,  6]], dtype=int64)], 10: [array([[ 1, 23, 44, 81, 13, 84],
       [23,  2, 49, 71,  0,  0],
       [44, 49,  3, 16,  0,  0],
       [81, 71, 16,  4,  0,  0],
       [13,  0,  0,  0,  5,  0],
       [84,  0,  0,  0,  0,  6]], dtype=int64)]}}
expansion X {'[[ 3 23 44 81 13 84]\n [23  8  0  0  0  0]\n [44  0  1  0  0  0]\n [81  0  0 20  0  0]\n [13  0  0  0 30  0]\n [84  0  0  0  0 15]]': {0: [array([[ 0, 23, 44, 81, 13, 84],
       [23,  1,  0,  0,  0,  0],
       [44,  0,  2,  0,  0,  0],
       [81,  0,  0,  3,  0,  0],
       [13,  0,  0,  0,  4,  0],
       [84,  0,  0,  0,  0,  5]], dtype=int64)], 1: [array([[ 0, 23, 44, 81, 13, 84],
       [23,  1,  0,  0,  0,  0],
       [44,  0,  2,  0,  0,  0],
       [81,  0,  0,  3,  0,  0],
       [13,  0,  0,  0,  4,  0],
       [84,  0,  0,  0,  0,  5]], dtype=int64)], 2: [array([[ 6, 23, 44, 81, 13, 84],
       [23,  7,  0,  0,  0,  0],
       [44,  0,  8,  0,  0,  0],
       [81,  0,  0,  9,  0,  0],
       [13,  0,  0,  0, 10,  0],
       [84,  0,  0,  0,  0, 11]], dtype=int64)], 3: [array([[ 0, 23, 44, 81, 13, 84],
       [23,  1,  0,  0,  0,  0],
       [44,  0,  2,  0,  0,  0],
       [81,  0,  0,  3,  0,  0],
       [13,  0,  0,  0,  4,  0],
       [84,  0,  0,  0,  0,  5]], dtype=int64)], 4: [array([[ 0, 23, 44, 81, 13, 84],
       [23,  1,  0,  0,  0,  0],
       [44,  0,  2,  0,  0,  0],
       [81,  0,  0,  3,  0,  0],
       [13,  0,  0,  0,  4,  0],
       [84,  0,  0,  0,  0,  5]], dtype=int64)], 5: [array([[ 0, 23, 44, 81, 13, 84],
       [23,  1,  0,  0,  0,  0],
       [44,  0,  2,  0,  0,  0],
       [81,  0,  0,  3,  0,  0],
       [13,  0,  0,  0,  4,  0],
       [84,  0,  0,  0,  0,  5]], dtype=int64)], 6: [array([[12, 23, 44, 81, 13, 84],
       [23, 13,  0,  0,  0,  0],
       [44,  0, 14,  0,  0,  0],
       [81,  0,  0, 15,  0,  0],
       [13,  0,  0,  0, 16,  0],
       [84,  0,  0,  0,  0, 17]], dtype=int64)], 7: [array([[ 0, 23, 44, 81, 13, 84],
       [23,  1,  0,  0,  0,  0],
       [44,  0,  2,  0,  0,  0],
       [81,  0,  0,  3,  0,  0],
       [13,  0,  0,  0,  4,  0],
       [84,  0,  0,  0,  0,  5]], dtype=int64)], 8: [array([[ 0, 23, 44, 81, 13, 84],
       [23,  1,  0,  0,  0,  0],
       [44,  0,  2,  0,  0,  0],
       [81,  0,  0,  3,  0,  0],
       [13,  0,  0,  0,  4,  0],
       [84,  0,  0,  0,  0,  5]], dtype=int64)], 9: [array([[ 1, 23, 44, 81, 13, 84],
       [23,  2,  0,  0,  0,  0],
       [44,  0,  3,  0,  0,  0],
       [81,  0,  0,  4,  0,  0],
       [13,  0,  0,  0,  5,  0],
       [84,  0,  0,  0,  0,  6]], dtype=int64)], 10: [array([[ 1, 23, 44, 81, 13, 84],
       [23,  2,  0,  0,  0,  0],
       [44,  0,  3,  0,  0,  0],
       [81,  0,  0,  4,  0,  0],
       [13,  0,  0,  0,  5,  0],
       [84,  0,  0,  0,  0,  6]], dtype=int64)]}, '[[ 3 23 44 81 13 84]\n [23  8 49 71  0  0]\n [44 49  1 16  0  0]\n [81 71 16 20  0  0]\n [13  0  0  0 30  0]\n [84  0  0  0  0 15]]': {0: [array([[ 0, 23, 44, 81, 13, 84],
       [23,  1, 49, 71,  0,  0],
       [44, 49,  2, 16,  0,  0],
       [81, 71, 16,  3,  0,  0],
       [13,  0,  0,  0,  4,  0],
       [84,  0,  0,  0,  0,  5]], dtype=int64)], 1: [array([[ 0, 23, 44, 81, 13, 84],
       [23,  1, 49, 71,  0,  0],
       [44, 49,  2, 16,  0,  0],
       [81, 71, 16,  3,  0,  0],
       [13,  0,  0,  0,  4,  0],
       [84,  0,  0,  0,  0,  5]], dtype=int64)], 2: [array([[ 6, 23, 44, 81, 13, 84],
       [23,  7, 49, 71,  0,  0],
       [44, 49,  8, 16,  0,  0],
       [81, 71, 16,  9,  0,  0],
       [13,  0,  0,  0, 10,  0],
       [84,  0,  0,  0,  0, 11]], dtype=int64)], 3: [array([[ 0, 23, 44, 81, 13, 84],
       [23,  1, 49, 71,  0,  0],
       [44, 49,  2, 16,  0,  0],
       [81, 71, 16,  3,  0,  0],
       [13,  0,  0,  0,  4,  0],
       [84,  0,  0,  0,  0,  5]], dtype=int64)], 4: [array([[ 0, 23, 44, 81, 13, 84],
       [23,  1, 49, 71,  0,  0],
       [44, 49,  2, 16,  0,  0],
       [81, 71, 16,  3,  0,  0],
       [13,  0,  0,  0,  4,  0],
       [84,  0,  0,  0,  0,  5]], dtype=int64)], 5: [array([[ 0, 23, 44, 81, 13, 84],
       [23,  1, 49, 71,  0,  0],
       [44, 49,  2, 16,  0,  0],
       [81, 71, 16,  3,  0,  0],
       [13,  0,  0,  0,  4,  0],
       [84,  0,  0,  0,  0,  5]], dtype=int64)], 6: [array([[12, 23, 44, 81, 13, 84],
       [23, 13, 49, 71,  0,  0],
       [44, 49, 14, 16,  0,  0],
       [81, 71, 16, 15,  0,  0],
       [13,  0,  0,  0, 16,  0],
       [84,  0,  0,  0,  0, 17]], dtype=int64)], 7: [array([[ 0, 23, 44, 81, 13, 84],
       [23,  1, 49, 71,  0,  0],
       [44, 49,  2, 16,  0,  0],
       [81, 71, 16,  3,  0,  0],
       [13,  0,  0,  0,  4,  0],
       [84,  0,  0,  0,  0,  5]], dtype=int64)], 8: [array([[ 0, 23, 44, 81, 13, 84],
       [23,  1, 49, 71,  0,  0],
       [44, 49,  2, 16,  0,  0],
       [81, 71, 16,  3,  0,  0],
       [13,  0,  0,  0,  4,  0],
       [84,  0,  0,  0,  0,  5]], dtype=int64)], 9: [array([[ 1, 23, 44, 81, 13, 84],
       [23,  2, 49, 71,  0,  0],
       [44, 49,  3, 16,  0,  0],
       [81, 71, 16,  4,  0,  0],
       [13,  0,  0,  0,  5,  0],
       [84,  0,  0,  0,  0,  6]], dtype=int64)], 10: [array([[ 1, 23, 44, 81, 13, 84],
       [23,  2, 49, 71,  0,  0],
       [44, 49,  3, 16,  0,  0],
       [81, 71, 16,  4,  0,  0],
       [13,  0,  0,  0,  5,  0],
       [84,  0,  0,  0,  0,  6]], dtype=int64)]}}
begin frequent trees
timestamp frequent trees 2020-06-03 15:40:41.471300
afterFrequentTRee size S:  2
timestamp 2020-06-03 15:40:41.492308
begin frequent trees
timestamp frequent trees 2020-06-03 15:40:41.492308
afterFrequentTRee size S:  0
timestamp 2020-06-03 15:40:41.505300
ok expansion [[ 3 23 44 81 13 58 17]
 [23  8  0  0  0  0  0]
 [44  0  1  0  0  0  0]
 [81  0  0 20  0  0  0]
 [13  0  0  0 30  0  0]
 [58  0  0  0  0 14  0]
 [17  0  0  0  0  0 28]]
associate edges [(1, 2, 49), (1, 3, 71), (1, 6, 63), (2, 3, 16), (2, 6, 44), (3, 6, 34), (4, 5, 98)]
expansion X {}
begin frequent trees
timestamp frequent trees 2020-06-03 15:40:41.510297
afterFrequentTRee size S:  0
timestamp 2020-06-03 15:40:41.523292
ok expansion [[ 3 23 44 81 13 58  0]
 [23  8  0  0  0  0 63]
 [44  0  1  0  0  0  0]
 [81  0  0 20  0  0  0]
 [13  0  0  0 30  0  0]
 [58  0  0  0  0 14  0]
 [ 0 63  0  0  0  0 28]]
associate edges [(0, 6, 17), (1, 2, 49), (1, 3, 71), (2, 3, 16), (2, 6, 44), (3, 6, 34), (4, 5, 98)]
expansion X {}
ok expansion [[ 3 23 44 81 13 58]
 [23  8  0  0  0  0]
 [44  0  1  0  0  0]
 [81  0  0 20  0  0]
 [13  0  0  0 30  0]
 [58  0  0  0  0 14]]
associate edges [(1, 2, 49), (1, 3, 71), (2, 3, 16), (4, 5, 98)]
expansion X {}
begin frequent trees
timestamp frequent trees 2020-06-03 15:40:41.530286
afterFrequentTRee size S:  0
timestamp 2020-06-03 15:40:41.548276
ok expansion [[ 3 23 44 81 13 17]
 [23  8  0  0  0  0]
 [44  0  1  0  0  0]
 [81  0  0 20  0  0]
 [13  0  0  0 30  0]
 [17  0  0  0  0 28]]
associate edges [(1, 2, 49), (1, 3, 71), (1, 5, 63), (2, 3, 16), (2, 5, 44), (3, 5, 34)]
eliminated []
