result {'[[ 3 23 81 13 84 58 17]\n [23  8  0  0  0  0  0]\n [81  0 20  0  0  0  0]\n [13  0  0 30  0  0  0]\n [84  0  0  0 15  0  0]\n [58  0  0  0  0 14  0]\n [17  0  0  0  0  0 28]]': {0: [array([[ 0, 23, 81, 13, 84, 58, 17, 95],
       [23,  1, 71,  0,  0,  0, 63,  0],
       [81, 71,  3,  0,  0,  0, 34,  0],
       [13,  0,  0,  4,  0, 98,  0,  0],
       [84,  0,  0,  0,  5,  1,  0,  0],
       [58,  0,  0, 98,  1,  6,  0,  0],
       [17, 63, 34,  0,  0,  0,  7,  0],
       [95,  0,  0,  0,  0,  0,  0,  8]], dtype=int64)], 1: [array([[ 0, 23, 81, 13, 84, 58, 17, 95],
       [23,  1, 71,  0,  0,  0, 63,  0],
       [81, 71,  3,  0,  0,  0, 34,  0],
       [13,  0,  0,  4,  0, 98,  0,  0],
       [84,  0,  0,  0,  5,  1,  0,  0],
       [58,  0,  0, 98,  1,  6,  0,  0],
       [17, 63, 34,  0,  0,  0,  7,  0],
       [95,  0,  0,  0,  0,  0,  0,  8]], dtype=int64)], 2: [array([[ 6, 23, 81, 13, 84, 58, 17, 95],
       [23,  7, 71,  0,  0,  0, 63,  0],
       [81, 71,  9,  0,  0,  0, 34,  0],
       [13,  0,  0, 10,  0, 98,  0,  0],
       [84,  0,  0,  0, 11,  1,  0,  0],
       [58,  0,  0, 98,  1, 12,  0,  0],
       [17, 63, 34,  0,  0,  0, 13,  0],
       [95,  0,  0,  0,  0,  0,  0, 14]], dtype=int64)], 3: [array([[ 0, 23, 81, 13, 84, 58, 17, 95],
       [23,  1, 71,  0,  0,  0, 63,  0],
       [81, 71,  3,  0,  0,  0, 34,  0],
       [13,  0,  0,  4,  0, 98,  0,  0],
       [84,  0,  0,  0,  5,  1,  0,  0],
       [58,  0,  0, 98,  1,  6,  0,  0],
       [17, 63, 34,  0,  0,  0,  7,  0],
       [95,  0,  0,  0,  0,  0,  0,  8]], dtype=int64)], 4: [array([[ 0, 23, 81, 13, 84, 58, 17, 95],
       [23,  1, 71,  0,  0,  0, 63,  0],
       [81, 71,  3,  0,  0,  0, 34,  0],
       [13,  0,  0,  4,  0, 98,  0,  0],
       [84,  0,  0,  0,  5,  1,  0,  0],
       [58,  0,  0, 98,  1,  6,  0,  0],
       [17, 63, 34,  0,  0,  0,  7,  0],
       [95,  0,  0,  0,  0,  0,  0,  8]], dtype=int64)], 5: [array([[ 0, 23, 81, 13, 84, 58, 17, 95],
       [23,  1, 71,  0,  0,  0, 63,  0],
       [81, 71,  3,  0,  0,  0, 34,  0],
       [13,  0,  0,  4,  0, 98,  0,  0],
       [84,  0,  0,  0,  5,  1,  0,  0],
       [58,  0,  0, 98,  1,  6,  0,  0],
       [17, 63, 34,  0,  0,  0,  7,  0],
       [95,  0,  0,  0,  0,  0,  0,  8]], dtype=int64)], 6: [array([[12, 23, 81, 13, 84, 58, 17, 95],
       [23, 13, 71,  0,  0,  0, 63,  0],
       [81, 71, 15,  0,  0,  0, 34,  0],
       [13,  0,  0, 16,  0, 98,  0,  0],
       [84,  0,  0,  0, 17,  1,  0,  0],
       [58,  0,  0, 98,  1, 18,  0,  0],
       [17, 63, 34,  0,  0,  0, 19,  0],
       [95,  0,  0,  0,  0,  0,  0, 20]], dtype=int64)], 7: [array([[ 0, 23, 81, 13, 84, 58, 17, 95],
       [23,  1, 71,  0,  0,  0, 63,  0],
       [81, 71,  3,  0,  0,  0, 34,  0],
       [13,  0,  0,  4,  0, 98,  0,  0],
       [84,  0,  0,  0,  5,  1,  0,  0],
       [58,  0,  0, 98,  1,  6,  0,  0],
       [17, 63, 34,  0,  0,  0,  7,  0],
       [95,  0,  0,  0,  0,  0,  0,  8]], dtype=int64)], 8: [array([[ 0, 23, 81, 13, 84, 58, 17, 95],
       [23,  1, 71,  0,  0,  0, 63,  0],
       [81, 71,  3,  0,  0,  0, 34,  0],
       [13,  0,  0,  4,  0, 98,  0,  0],
       [84,  0,  0,  0,  5,  1,  0,  0],
       [58,  0,  0, 98,  1,  6,  0,  0],
       [17, 63, 34,  0,  0,  0,  7,  0],
       [95,  0,  0,  0,  0,  0,  0,  8]], dtype=int64)], 9: [array([[ 1, 23, 81, 13, 84, 58, 17, 95],
       [23,  2, 71,  0,  0,  0, 63,  0],
       [81, 71,  4,  0,  0,  0, 34,  0],
       [13,  0,  0,  5,  0, 98,  0,  0],
       [84,  0,  0,  0,  6,  1,  0,  0],
       [58,  0,  0, 98,  1,  7,  0,  0],
       [17, 63, 34,  0,  0,  0,  8,  0],
       [95,  0,  0,  0,  0,  0,  0,  9]], dtype=int64)]}}
Traceback (most recent call last):
  File "spin.py", line 16, in <module>
    freqGraphs = graphDB.frequentGraph()
  File "D:\ICT\Griffith\SPIN\HUY_SPIN\GraphCollection.py", line 424, in frequentGraph
    self.exploreGenericTree(self.freqEdges2matrix(),[])
  File "D:\ICT\Griffith\SPIN\HUY_SPIN\GraphCollection.py", line 308, in exploreGenericTree
    self.exploreGenericTree(S,R)
  File "D:\ICT\Griffith\SPIN\HUY_SPIN\GraphCollection.py", line 308, in exploreGenericTree
    self.exploreGenericTree(S,R)
  File "D:\ICT\Griffith\SPIN\HUY_SPIN\GraphCollection.py", line 308, in exploreGenericTree
    self.exploreGenericTree(S,R)
  [Previous line repeated 2 more times]
  File "D:\ICT\Griffith\SPIN\HUY_SPIN\GraphCollection.py", line 305, in exploreGenericTree
    eg.expand()
  File "D:\ICT\Griffith\SPIN\HUY_SPIN\ExpansionGraph.py", line 101, in expand
    plotGraph(v[0])
  File "D:\ICT\Griffith\SPIN\HUY_SPIN\utils.py", line 53, in plotGraph
    for i in range(graph.shape[0]):
AttributeError: 'list' object has no attribute 'shape'
